#framenumber time energy filename iter
10 0.005 0 worm_000010.vtu 0
20 0.01 0 worm_000020.vtu 0
30 0.015 0 worm_000030.vtu 0
40 0.02 0 worm_000040.vtu 0
50 0.025 0 worm_000050.vtu 0
60 0.03 0 worm_000060.vtu 0
70 0.035 0 worm_000070.vtu 0
80 0.04 0 worm_000080.vtu 0
90 0.045 0 worm_000090.vtu 0
100 0.05 0 worm_000100.vtu 0
110 0.055 0 worm_000110.vtu 0
120 0.06 0 worm_000120.vtu 0
130 0.065 0 worm_000130.vtu 0
140 0.07 0 worm_000140.vtu 0
150 0.075 0 worm_000150.vtu 0
160 0.08 0 worm_000160.vtu 0
170 0.085 0 worm_000170.vtu 0
180 0.09 0 worm_000180.vtu 0
190 0.095 0 worm_000190.vtu 0
200 0.1 0 worm_000200.vtu 0
210 0.105 0 worm_000210.vtu 0
220 0.11 0 worm_000220.vtu 0
230 0.115 0 worm_000230.vtu 0
240 0.12 0 worm_000240.vtu 0
250 0.125 0 worm_000250.vtu 0
260 0.13 0 worm_000260.vtu 0
270 0.135 0 worm_000270.vtu 0
280 0.14 0 worm_000280.vtu 0
290 0.145 0 worm_000290.vtu 0
300 0.15 0 worm_000300.vtu 0
310 0.155 0 worm_000310.vtu 0
320 0.16 0 worm_000320.vtu 0
330 0.165 0 worm_000330.vtu 0
340 0.17 0 worm_000340.vtu 0
350 0.175 0 worm_000350.vtu 0
360 0.18 0 worm_000360.vtu 0
370 0.185 0 worm_000370.vtu 0
380 0.19 0 worm_000380.vtu 0
390 0.195 0 worm_000390.vtu 0
400 0.2 0 worm_000400.vtu 0
410 0.205 0 worm_000410.vtu 0
420 0.21 0 worm_000420.vtu 0
430 0.215 0 worm_000430.vtu 0
440 0.22 0 worm_000440.vtu 0
450 0.225 0 worm_000450.vtu 0
460 0.23 0 worm_000460.vtu 0
470 0.235 0 worm_000470.vtu 0
480 0.24 0 worm_000480.vtu 0
490 0.245 0 worm_000490.vtu 0
500 0.25 0 worm_000500.vtu 0
510 0.255 0 worm_000510.vtu 0
520 0.26 0 worm_000520.vtu 0
530 0.265 0 worm_000530.vtu 0
540 0.27 0 worm_000540.vtu 0
550 0.275 0 worm_000550.vtu 0
560 0.28 0 worm_000560.vtu 0
570 0.285 0 worm_000570.vtu 0
580 0.29 0 worm_000580.vtu 0
590 0.295 0 worm_000590.vtu 0
600 0.3 0 worm_000600.vtu 0
610 0.305 0 worm_000610.vtu 0
620 0.31 0 worm_000620.vtu 0
630 0.315 0 worm_000630.vtu 0
640 0.32 0 worm_000640.vtu 0
650 0.325 0 worm_000650.vtu 0
660 0.33 0 worm_000660.vtu 0
670 0.335 0 worm_000670.vtu 0
680 0.34 0 worm_000680.vtu 0
690 0.345 0 worm_000690.vtu 0
700 0.35 0 worm_000700.vtu 0
710 0.355 0 worm_000710.vtu 0
720 0.36 0 worm_000720.vtu 0
730 0.365 0 worm_000730.vtu 0
740 0.37 0 worm_000740.vtu 0
750 0.375 0 worm_000750.vtu 0
760 0.38 0 worm_000760.vtu 0
770 0.385 0 worm_000770.vtu 0
780 0.39 0 worm_000780.vtu 0
790 0.395 0 worm_000790.vtu 0
800 0.4 0 worm_000800.vtu 0
810 0.405 0 worm_000810.vtu 0
820 0.41 0 worm_000820.vtu 0
830 0.415 0 worm_000830.vtu 0
840 0.42 0 worm_000840.vtu 0
850 0.425 0 worm_000850.vtu 0
860 0.43 0 worm_000860.vtu 0
870 0.435 0 worm_000870.vtu 0
880 0.44 0 worm_000880.vtu 0
890 0.445 0 worm_000890.vtu 0
900 0.45 0 worm_000900.vtu 0
910 0.455 0 worm_000910.vtu 0
920 0.46 0 worm_000920.vtu 0
930 0.465 0 worm_000930.vtu 0
940 0.47 0 worm_000940.vtu 0
950 0.475 0 worm_000950.vtu 0
960 0.48 0 worm_000960.vtu 0
970 0.485 0 worm_000970.vtu 0
980 0.49 0 worm_000980.vtu 0
990 0.495 0 worm_000990.vtu 0
1000 0.5 0 worm_001000.vtu 0
1011 0.5055 0 worm_001011.vtu 0
1021 0.5105 0 worm_001021.vtu 0
1031 0.5155 0 worm_001031.vtu 0
1041 0.5205 0 worm_001041.vtu 0
1051 0.5255 0 worm_001051.vtu 0
1061 0.5305 0 worm_001061.vtu 0
1071 0.5355 0 worm_001071.vtu 0
1081 0.5405 0 worm_001081.vtu 0
1091 0.5455 0 worm_001091.vtu 0
1101 0.5505 0 worm_001101.vtu 0
1111 0.5555 0 worm_001111.vtu 0
1121 0.5605 0 worm_001121.vtu 0
1131 0.5655 0 worm_001131.vtu 0
1141 0.5705 0 worm_001141.vtu 0
1151 0.5755 0 worm_001151.vtu 0
1161 0.5805 0 worm_001161.vtu 0
1171 0.5855 0 worm_001171.vtu 0
1181 0.5905 0 worm_001181.vtu 0
1191 0.5955 0 worm_001191.vtu 0
1201 0.6005 0 worm_001201.vtu 0
1211 0.6055 0 worm_001211.vtu 0
1221 0.6105 0 worm_001221.vtu 0
1231 0.6155 0 worm_001231.vtu 0
1241 0.6205 0 worm_001241.vtu 0
1251 0.6255 0 worm_001251.vtu 0
1261 0.6305 0 worm_001261.vtu 0
1271 0.6355 0 worm_001271.vtu 0
1281 0.6405 0 worm_001281.vtu 0
1291 0.6455 0 worm_001291.vtu 0
1301 0.6505 0 worm_001301.vtu 0
1311 0.6555 0 worm_001311.vtu 0
1321 0.6605 0 worm_001321.vtu 0
1331 0.6655 0 worm_001331.vtu 0
1341 0.6705 0 worm_001341.vtu 0
1351 0.6755 0 worm_001351.vtu 0
1361 0.6805 0 worm_001361.vtu 0
1371 0.6855 0 worm_001371.vtu 0
1381 0.6905 0 worm_001381.vtu 0
1391 0.6955 0 worm_001391.vtu 0
1401 0.7005 0 worm_001401.vtu 0
1411 0.7055 0 worm_001411.vtu 0
1421 0.7105 0 worm_001421.vtu 0
1431 0.7155 0 worm_001431.vtu 0
1441 0.7205 0 worm_001441.vtu 0
1451 0.7255 0 worm_001451.vtu 0
1461 0.7305 0 worm_001461.vtu 0
1471 0.7355 0 worm_001471.vtu 0
1481 0.7405 0 worm_001481.vtu 0
1491 0.7455 0 worm_001491.vtu 0
1501 0.7505 0 worm_001501.vtu 0
1511 0.7555 0 worm_001511.vtu 0
1521 0.7605 0 worm_001521.vtu 0
1531 0.7655 0 worm_001531.vtu 0
1541 0.7705 0 worm_001541.vtu 0
1551 0.7755 0 worm_001551.vtu 0
1561 0.7805 0 worm_001561.vtu 0
1571 0.7855 0 worm_001571.vtu 0
1581 0.7905 0 worm_001581.vtu 0
1591 0.7955 0 worm_001591.vtu 0
1601 0.8005 0 worm_001601.vtu 0
1611 0.8055 0 worm_001611.vtu 0
1621 0.8105 0 worm_001621.vtu 0
1631 0.8155 0 worm_001631.vtu 0
1641 0.8205 0 worm_001641.vtu 0
1651 0.8255 0 worm_001651.vtu 0
1661 0.8305 0 worm_001661.vtu 0
1671 0.8355 0 worm_001671.vtu 0
1681 0.8405 0 worm_001681.vtu 0
1691 0.8455 0 worm_001691.vtu 0
1701 0.8505 0 worm_001701.vtu 0
1711 0.8555 0 worm_001711.vtu 0
1721 0.8605 0 worm_001721.vtu 0
1731 0.8655 0 worm_001731.vtu 0
1741 0.8705 0 worm_001741.vtu 0
1751 0.8755 0 worm_001751.vtu 0
1761 0.8805 0 worm_001761.vtu 0
1771 0.8855 0 worm_001771.vtu 0
1781 0.8905 0 worm_001781.vtu 0
1791 0.8955 0 worm_001791.vtu 0
1801 0.9005 0 worm_001801.vtu 0
1811 0.9055 0 worm_001811.vtu 0
1821 0.9105 0 worm_001821.vtu 0
1831 0.9155 0 worm_001831.vtu 0
1841 0.9205 0 worm_001841.vtu 0
1851 0.9255 0 worm_001851.vtu 0
1861 0.9305 0 worm_001861.vtu 0
1871 0.9355 0 worm_001871.vtu 0
1881 0.9405 0 worm_001881.vtu 0
1891 0.9455 0 worm_001891.vtu 0
1901 0.9505 0 worm_001901.vtu 0
1911 0.9555 0 worm_001911.vtu 0
1921 0.9605 0 worm_001921.vtu 0
1931 0.9655 0 worm_001931.vtu 0
1941 0.9705 0 worm_001941.vtu 0
1951 0.9755 0 worm_001951.vtu 0
1961 0.9805 0 worm_001961.vtu 0
1971 0.9855 0 worm_001971.vtu 0
1981 0.9905 0 worm_001981.vtu 0
1991 0.9955 0 worm_001991.vtu 0
2001 1.0005 0 worm_002001.vtu 0
2011 1.0055 0 worm_002011.vtu 0
2021 1.0105 0 worm_002021.vtu 0
2031 1.0155 0 worm_002031.vtu 0
2041 1.0205 0 worm_002041.vtu 0
2051 1.0255 0 worm_002051.vtu 0
2061 1.0305 0 worm_002061.vtu 0
2071 1.0355 0 worm_002071.vtu 0
2081 1.0405 0 worm_002081.vtu 0
2091 1.0455 0 worm_002091.vtu 0
2101 1.0505 0 worm_002101.vtu 0
2111 1.0555 0 worm_002111.vtu 0
2121 1.0605 0 worm_002121.vtu 0
2131 1.0655 0 worm_002131.vtu 0
2141 1.0705 0 worm_002141.vtu 0
2151 1.0755 0 worm_002151.vtu 0
2161 1.0805 0 worm_002161.vtu 0
2171 1.0855 0 worm_002171.vtu 0
2181 1.0905 0 worm_002181.vtu 0
2191 1.0955 0 worm_002191.vtu 0
2201 1.1005 0 worm_002201.vtu 0
2211 1.1055 0 worm_002211.vtu 0
2221 1.1105 0 worm_002221.vtu 0
2231 1.1155 0 worm_002231.vtu 0
2241 1.1205 0 worm_002241.vtu 0
2251 1.1255 0 worm_002251.vtu 0
2261 1.1305 0 worm_002261.vtu 0
2271 1.1355 0 worm_002271.vtu 0
2281 1.1405 0 worm_002281.vtu 0
2291 1.1455 0 worm_002291.vtu 0
2301 1.1505 0 worm_002301.vtu 0
2311 1.1555 0 worm_002311.vtu 0
2321 1.1605 0 worm_002321.vtu 0
2331 1.1655 0 worm_002331.vtu 0
2341 1.1705 0 worm_002341.vtu 0
2351 1.1755 0 worm_002351.vtu 0
2361 1.1805 0 worm_002361.vtu 0
2371 1.1855 0 worm_002371.vtu 0
2381 1.1905 0 worm_002381.vtu 0
2391 1.1955 0 worm_002391.vtu 0
2401 1.2005 0 worm_002401.vtu 0
2411 1.2055 0 worm_002411.vtu 0
2421 1.2105 0 worm_002421.vtu 0
2431 1.2155 0 worm_002431.vtu 0
2441 1.2205 0 worm_002441.vtu 0
2451 1.2255 0 worm_002451.vtu 0
2461 1.2305 0 worm_002461.vtu 0
2471 1.2355 0 worm_002471.vtu 0
2481 1.2405 0 worm_002481.vtu 0
2491 1.2455 0 worm_002491.vtu 0
2501 1.2505 0 worm_002501.vtu 0
2511 1.2555 0 worm_002511.vtu 0
2521 1.2605 0 worm_002521.vtu 0
2531 1.2655 0 worm_002531.vtu 0
2541 1.2705 0 worm_002541.vtu 0
2551 1.2755 0 worm_002551.vtu 0
2561 1.2805 0 worm_002561.vtu 0
2571 1.2855 0 worm_002571.vtu 0
2581 1.2905 0 worm_002581.vtu 0
2591 1.2955 0 worm_002591.vtu 0
2601 1.3005 0 worm_002601.vtu 0
2611 1.3055 0 worm_002611.vtu 0
2621 1.3105 0 worm_002621.vtu 0
2631 1.3155 0 worm_002631.vtu 0
2641 1.3205 0 worm_002641.vtu 0
2651 1.3255 0 worm_002651.vtu 0
2661 1.3305 0 worm_002661.vtu 0
2671 1.3355 0 worm_002671.vtu 0
2681 1.3405 0 worm_002681.vtu 0
2691 1.3455 0 worm_002691.vtu 0
2701 1.3505 0 worm_002701.vtu 0
2711 1.3555 0 worm_002711.vtu 0
2721 1.3605 0 worm_002721.vtu 0
2731 1.3655 0 worm_002731.vtu 0
2741 1.3705 0 worm_002741.vtu 0
2751 1.3755 0 worm_002751.vtu 0
2761 1.3805 0 worm_002761.vtu 0
2771 1.3855 0 worm_002771.vtu 0
2781 1.3905 0 worm_002781.vtu 0
2791 1.3955 0 worm_002791.vtu 0
2801 1.4005 0 worm_002801.vtu 0
2811 1.4055 0 worm_002811.vtu 0
2821 1.4105 0 worm_002821.vtu 0
2831 1.4155 0 worm_002831.vtu 0
2841 1.4205 0 worm_002841.vtu 0
2851 1.4255 0 worm_002851.vtu 0
2861 1.4305 0 worm_002861.vtu 0
2871 1.4355 0 worm_002871.vtu 0
2881 1.4405 0 worm_002881.vtu 0
2891 1.4455 0 worm_002891.vtu 0
2901 1.4505 0 worm_002901.vtu 0
2911 1.4555 0 worm_002911.vtu 0
2921 1.4605 0 worm_002921.vtu 0
2931 1.4655 0 worm_002931.vtu 0
2941 1.4705 0 worm_002941.vtu 0
2951 1.4755 0 worm_002951.vtu 0
2961 1.4805 0 worm_002961.vtu 0
2971 1.4855 0 worm_002971.vtu 0
2981 1.4905 0 worm_002981.vtu 0
2991 1.4955 0 worm_002991.vtu 0
3001 1.5005 0 worm_003001.vtu 0
3011 1.5055 0 worm_003011.vtu 0
3021 1.5105 0 worm_003021.vtu 0
3031 1.5155 0 worm_003031.vtu 0
3041 1.5205 0 worm_003041.vtu 0
3051 1.5255 0 worm_003051.vtu 0
3061 1.5305 0 worm_003061.vtu 0
3071 1.5355 0 worm_003071.vtu 0
3081 1.5405 0 worm_003081.vtu 0
3091 1.5455 0 worm_003091.vtu 0
3101 1.5505 0 worm_003101.vtu 0
3111 1.5555 0 worm_003111.vtu 0
3121 1.5605 0 worm_003121.vtu 0
3131 1.5655 0 worm_003131.vtu 0
3141 1.5705 0 worm_003141.vtu 0
3151 1.5755 0 worm_003151.vtu 0
3161 1.5805 0 worm_003161.vtu 0
3171 1.5855 0 worm_003171.vtu 0
3181 1.5905 0 worm_003181.vtu 0
3191 1.5955 0 worm_003191.vtu 0
3201 1.6005 0 worm_003201.vtu 0
3211 1.6055 0 worm_003211.vtu 0
3221 1.6105 0 worm_003221.vtu 0
3231 1.6155 0 worm_003231.vtu 0
3241 1.6205 0 worm_003241.vtu 0
3251 1.6255 0 worm_003251.vtu 0
3261 1.6305 0 worm_003261.vtu 0
3271 1.6355 0 worm_003271.vtu 0
3281 1.6405 0 worm_003281.vtu 0
3291 1.6455 0 worm_003291.vtu 0
3301 1.6505 0 worm_003301.vtu 0
3311 1.6555 0 worm_003311.vtu 0
3321 1.6605 0 worm_003321.vtu 0
3331 1.6655 0 worm_003331.vtu 0
3341 1.6705 0 worm_003341.vtu 0
3351 1.6755 0 worm_003351.vtu 0
3361 1.6805 0 worm_003361.vtu 0
3371 1.6855 0 worm_003371.vtu 0
3381 1.6905 0 worm_003381.vtu 0
3391 1.6955 0 worm_003391.vtu 0
3401 1.7005 0 worm_003401.vtu 0
3411 1.7055 0 worm_003411.vtu 0
3421 1.7105 0 worm_003421.vtu 0
3431 1.7155 0 worm_003431.vtu 0
3441 1.7205 0 worm_003441.vtu 0
3451 1.7255 0 worm_003451.vtu 0
3461 1.7305 0 worm_003461.vtu 0
3471 1.7355 0 worm_003471.vtu 0
3481 1.7405 0 worm_003481.vtu 0
3491 1.7455 0 worm_003491.vtu 0
3501 1.7505 0 worm_003501.vtu 0
3511 1.7555 0 worm_003511.vtu 0
3521 1.7605 0 worm_003521.vtu 0
3531 1.7655 0 worm_003531.vtu 0
3541 1.7705 0 worm_003541.vtu 0
3551 1.7755 0 worm_003551.vtu 0
3561 1.7805 0 worm_003561.vtu 0
3571 1.7855 0 worm_003571.vtu 0
3581 1.7905 0 worm_003581.vtu 0
3591 1.7955 0 worm_003591.vtu 0
3601 1.8005 0 worm_003601.vtu 0
3611 1.8055 0 worm_003611.vtu 0
3621 1.8105 0 worm_003621.vtu 0
3631 1.8155 0 worm_003631.vtu 0
3641 1.8205 0 worm_003641.vtu 0
3651 1.8255 0 worm_003651.vtu 0
3661 1.8305 0 worm_003661.vtu 0
3671 1.8355 0 worm_003671.vtu 0
3681 1.8405 0 worm_003681.vtu 0
3691 1.8455 0 worm_003691.vtu 0
3701 1.8505 0 worm_003701.vtu 0
3711 1.8555 0 worm_003711.vtu 0
3721 1.8605 0 worm_003721.vtu 0
3731 1.8655 0 worm_003731.vtu 0
3741 1.8705 0 worm_003741.vtu 0
3751 1.8755 0 worm_003751.vtu 0
3761 1.8805 0 worm_003761.vtu 0
3771 1.8855 0 worm_003771.vtu 0
3781 1.8905 0 worm_003781.vtu 0
3791 1.8955 0 worm_003791.vtu 0
3801 1.9005 0 worm_003801.vtu 0
3811 1.9055 0 worm_003811.vtu 0
3821 1.9105 0 worm_003821.vtu 0
3831 1.9155 0 worm_003831.vtu 0
3841 1.9205 0 worm_003841.vtu 0
3851 1.9255 0 worm_003851.vtu 0
3861 1.9305 0 worm_003861.vtu 0
3871 1.9355 0 worm_003871.vtu 0
3881 1.9405 0 worm_003881.vtu 0
3891 1.9455 0 worm_003891.vtu 0
3901 1.9505 0 worm_003901.vtu 0
3911 1.9555 0 worm_003911.vtu 0
3921 1.9605 0 worm_003921.vtu 0
3931 1.9655 0 worm_003931.vtu 0
3941 1.9705 0 worm_003941.vtu 0
3951 1.9755 0 worm_003951.vtu 0
3961 1.9805 0 worm_003961.vtu 0
3971 1.9855 0 worm_003971.vtu 0
3981 1.9905 0 worm_003981.vtu 0
3991 1.9955 0 worm_003991.vtu 0
4001 2.0005 0 worm_004001.vtu 0
4011 2.0055 0 worm_004011.vtu 0
4021 2.0105 0 worm_004021.vtu 0
4031 2.0155 0 worm_004031.vtu 0
4041 2.0205 0 worm_004041.vtu 0
4051 2.0255 0 worm_004051.vtu 0
4061 2.0305 0 worm_004061.vtu 0
4071 2.0355 0 worm_004071.vtu 0
4081 2.0405 0 worm_004081.vtu 0
4091 2.0455 0 worm_004091.vtu 0
4101 2.0505 0 worm_004101.vtu 0
4111 2.0555 0 worm_004111.vtu 0
4121 2.0605 0 worm_004121.vtu 0
4131 2.0655 0 worm_004131.vtu 0
4141 2.0705 0 worm_004141.vtu 0
4151 2.0755 0 worm_004151.vtu 0
4161 2.0805 0 worm_004161.vtu 0
4171 2.0855 0 worm_004171.vtu 0
4181 2.0905 0 worm_004181.vtu 0
4191 2.0955 0 worm_004191.vtu 0
4201 2.1005 0 worm_004201.vtu 0
4211 2.1055 0 worm_004211.vtu 0
4221 2.1105 0 worm_004221.vtu 0
4231 2.1155 0 worm_004231.vtu 0
4241 2.1205 0 worm_004241.vtu 0
4251 2.1255 0 worm_004251.vtu 0
4261 2.1305 0 worm_004261.vtu 0
4271 2.1355 0 worm_004271.vtu 0
4281 2.1405 0 worm_004281.vtu 0
4291 2.1455 0 worm_004291.vtu 0
4301 2.1505 0 worm_004301.vtu 0
4311 2.1555 0 worm_004311.vtu 0
4321 2.1605 0 worm_004321.vtu 0
4331 2.1655 0 worm_004331.vtu 0
4341 2.1705 0 worm_004341.vtu 0
4351 2.1755 0 worm_004351.vtu 0
4361 2.1805 0 worm_004361.vtu 0
4371 2.1855 0 worm_004371.vtu 0
4381 2.1905 0 worm_004381.vtu 0
4391 2.1955 0 worm_004391.vtu 0
4401 2.2005 0 worm_004401.vtu 0
4411 2.2055 0 worm_004411.vtu 0
4421 2.2105 0 worm_004421.vtu 0
4431 2.2155 0 worm_004431.vtu 0
4441 2.2205 0 worm_004441.vtu 0
4451 2.2255 0 worm_004451.vtu 0
4461 2.2305 0 worm_004461.vtu 0
4471 2.2355 0 worm_004471.vtu 0
4481 2.2405 0 worm_004481.vtu 0
4491 2.2455 0 worm_004491.vtu 0
4501 2.2505 0 worm_004501.vtu 0
4511 2.2555 0 worm_004511.vtu 0
4521 2.2605 0 worm_004521.vtu 0
4531 2.2655 0 worm_004531.vtu 0
4541 2.2705 0 worm_004541.vtu 0
4551 2.2755 0 worm_004551.vtu 0
4561 2.2805 0 worm_004561.vtu 0
4571 2.2855 0 worm_004571.vtu 0
4581 2.2905 0 worm_004581.vtu 0
4591 2.2955 0 worm_004591.vtu 0
4601 2.3005 0 worm_004601.vtu 0
4611 2.3055 0 worm_004611.vtu 0
4621 2.3105 0 worm_004621.vtu 0
4631 2.3155 0 worm_004631.vtu 0
4641 2.3205 0 worm_004641.vtu 0
4651 2.3255 0 worm_004651.vtu 0
4661 2.3305 0 worm_004661.vtu 0
4671 2.3355 0 worm_004671.vtu 0
4681 2.3405 0 worm_004681.vtu 0
4691 2.3455 0 worm_004691.vtu 0
4701 2.3505 0 worm_004701.vtu 0
4711 2.3555 0 worm_004711.vtu 0
4721 2.3605 0 worm_004721.vtu 0
4731 2.3655 0 worm_004731.vtu 0
4741 2.3705 0 worm_004741.vtu 0
4751 2.3755 0 worm_004751.vtu 0
4761 2.3805 0 worm_004761.vtu 0
4771 2.3855 0 worm_004771.vtu 0
4781 2.3905 0 worm_004781.vtu 0
4791 2.3955 0 worm_004791.vtu 0
4801 2.4005 0 worm_004801.vtu 0
4811 2.4055 0 worm_004811.vtu 0
4820 2.41 0 worm_004820.vtu 0
4830 2.415 0 worm_004830.vtu 0
4840 2.42 0 worm_004840.vtu 0
4850 2.425 0 worm_004850.vtu 0
4860 2.43 0 worm_004860.vtu 0
4870 2.435 0 worm_004870.vtu 0
4880 2.44 0 worm_004880.vtu 0
4890 2.445 0 worm_004890.vtu 0
4900 2.45 0 worm_004900.vtu 0
4910 2.455 0 worm_004910.vtu 0
4920 2.46 0 worm_004920.vtu 0
4930 2.465 0 worm_004930.vtu 0
4940 2.47 0 worm_004940.vtu 0
4950 2.475 0 worm_004950.vtu 0
4960 2.48 0 worm_004960.vtu 0
4970 2.485 0 worm_004970.vtu 0
4980 2.49 0 worm_004980.vtu 0
4990 2.495 0 worm_004990.vtu 0
5000 2.5 0 worm_005000.vtu 0
5010 2.505 0 worm_005010.vtu 0
5020 2.51 0 worm_005020.vtu 0
5030 2.515 0 worm_005030.vtu 0
5040 2.52 0 worm_005040.vtu 0
5050 2.525 0 worm_005050.vtu 0
5060 2.53 0 worm_005060.vtu 0
5070 2.535 0 worm_005070.vtu 0
5080 2.54 0 worm_005080.vtu 0
5090 2.545 0 worm_005090.vtu 0
5100 2.55 0 worm_005100.vtu 0
5110 2.555 0 worm_005110.vtu 0
5120 2.56 0 worm_005120.vtu 0
5130 2.565 0 worm_005130.vtu 0
5140 2.57 0 worm_005140.vtu 0
5150 2.575 0 worm_005150.vtu 0
5160 2.58 0 worm_005160.vtu 0
5170 2.585 0 worm_005170.vtu 0
5180 2.59 0 worm_005180.vtu 0
5190 2.595 0 worm_005190.vtu 0
5200 2.6 0 worm_005200.vtu 0
5210 2.605 0 worm_005210.vtu 0
5220 2.61 0 worm_005220.vtu 0
5230 2.615 0 worm_005230.vtu 0
5240 2.62 0 worm_005240.vtu 0
5250 2.625 0 worm_005250.vtu 0
5260 2.63 0 worm_005260.vtu 0
5270 2.635 0 worm_005270.vtu 0
5280 2.64 0 worm_005280.vtu 0
5290 2.645 0 worm_005290.vtu 0
5300 2.65 0 worm_005300.vtu 0
5310 2.655 0 worm_005310.vtu 0
5320 2.66 0 worm_005320.vtu 0
5330 2.665 0 worm_005330.vtu 0
5340 2.67 0 worm_005340.vtu 0
5350 2.675 0 worm_005350.vtu 0
5360 2.68 0 worm_005360.vtu 0
5370 2.685 0 worm_005370.vtu 0
5380 2.69 0 worm_005380.vtu 0
5390 2.695 0 worm_005390.vtu 0
5400 2.7 0 worm_005400.vtu 0
5410 2.705 0 worm_005410.vtu 0
5420 2.71 0 worm_005420.vtu 0
5430 2.715 0 worm_005430.vtu 0
5440 2.72 0 worm_005440.vtu 0
5450 2.725 0 worm_005450.vtu 0
5460 2.73 0 worm_005460.vtu 0
5470 2.735 0 worm_005470.vtu 0
5480 2.74 0 worm_005480.vtu 0
5490 2.745 0 worm_005490.vtu 0
5500 2.75 0 worm_005500.vtu 0
5510 2.755 0 worm_005510.vtu 0
5520 2.76 0 worm_005520.vtu 0
5530 2.765 0 worm_005530.vtu 0
5540 2.77 0 worm_005540.vtu 0
5550 2.775 0 worm_005550.vtu 0
5560 2.78 0 worm_005560.vtu 0
5570 2.785 0 worm_005570.vtu 0
5580 2.79 0 worm_005580.vtu 0
5590 2.795 0 worm_005590.vtu 0
5600 2.8 0 worm_005600.vtu 0
5610 2.805 0 worm_005610.vtu 0
5620 2.81 0 worm_005620.vtu 0
5630 2.815 0 worm_005630.vtu 0
5640 2.82 0 worm_005640.vtu 0
5650 2.825 0 worm_005650.vtu 0
5660 2.83 0 worm_005660.vtu 0
5670 2.835 0 worm_005670.vtu 0
5680 2.84 0 worm_005680.vtu 0
5690 2.845 0 worm_005690.vtu 0
5700 2.85 0 worm_005700.vtu 0
5710 2.855 0 worm_005710.vtu 0
5720 2.86 0 worm_005720.vtu 0
5730 2.865 0 worm_005730.vtu 0
5740 2.87 0 worm_005740.vtu 0
5750 2.875 0 worm_005750.vtu 0
5760 2.88 0 worm_005760.vtu 0
5770 2.885 0 worm_005770.vtu 0
5780 2.89 0 worm_005780.vtu 0
5790 2.895 0 worm_005790.vtu 0
5800 2.9 0 worm_005800.vtu 0
5810 2.905 0 worm_005810.vtu 0
5820 2.91 0 worm_005820.vtu 0
5830 2.915 0 worm_005830.vtu 0
5840 2.92 0 worm_005840.vtu 0
5850 2.925 0 worm_005850.vtu 0
5860 2.93 0 worm_005860.vtu 0
5870 2.935 0 worm_005870.vtu 0
5880 2.94 0 worm_005880.vtu 0
5890 2.945 0 worm_005890.vtu 0
5900 2.95 0 worm_005900.vtu 0
5910 2.955 0 worm_005910.vtu 0
5920 2.96 0 worm_005920.vtu 0
5930 2.965 0 worm_005930.vtu 0
5940 2.97 0 worm_005940.vtu 0
5950 2.975 0 worm_005950.vtu 0
5960 2.98 0 worm_005960.vtu 0
5970 2.985 0 worm_005970.vtu 0
5980 2.99 0 worm_005980.vtu 0
5990 2.995 0 worm_005990.vtu 0
6000 3 0 worm_006000.vtu 0
6010 3.005 0 worm_006010.vtu 0
6020 3.01 0 worm_006020.vtu 0
6030 3.015 0 worm_006030.vtu 0
6040 3.02 0 worm_006040.vtu 0
6050 3.025 0 worm_006050.vtu 0
6060 3.03 0 worm_006060.vtu 0
6070 3.035 0 worm_006070.vtu 0
6080 3.04 0 worm_006080.vtu 0
6090 3.045 0 worm_006090.vtu 0
6100 3.05 0 worm_006100.vtu 0
6110 3.055 0 worm_006110.vtu 0
6120 3.06 0 worm_006120.vtu 0
6130 3.065 0 worm_006130.vtu 0
6140 3.07 0 worm_006140.vtu 0
6150 3.075 0 worm_006150.vtu 0
6160 3.08 0 worm_006160.vtu 0
6170 3.085 0 worm_006170.vtu 0
6180 3.09 0 worm_006180.vtu 0
6190 3.095 0 worm_006190.vtu 0
6200 3.1 0 worm_006200.vtu 0
6210 3.105 0 worm_006210.vtu 0
6220 3.11 0 worm_006220.vtu 0
6230 3.115 0 worm_006230.vtu 0
6240 3.12 0 worm_006240.vtu 0
6250 3.125 0 worm_006250.vtu 0
6260 3.13 0 worm_006260.vtu 0
6270 3.135 0 worm_006270.vtu 0
6280 3.14 0 worm_006280.vtu 0
6290 3.145 0 worm_006290.vtu 0
6300 3.15 0 worm_006300.vtu 0
6310 3.155 0 worm_006310.vtu 0
6320 3.16 0 worm_006320.vtu 0
6330 3.165 0 worm_006330.vtu 0
6340 3.17 0 worm_006340.vtu 0
6350 3.175 0 worm_006350.vtu 0
6360 3.18 0 worm_006360.vtu 0
6370 3.185 0 worm_006370.vtu 0
6380 3.19 0 worm_006380.vtu 0
6390 3.195 0 worm_006390.vtu 0
6400 3.2 0 worm_006400.vtu 0
6410 3.205 0 worm_006410.vtu 0
6420 3.21 0 worm_006420.vtu 0
6430 3.215 0 worm_006430.vtu 0
6440 3.22 0 worm_006440.vtu 0
6450 3.225 0 worm_006450.vtu 0
6460 3.23 0 worm_006460.vtu 0
6470 3.235 0 worm_006470.vtu 0
6480 3.24 0 worm_006480.vtu 0
6490 3.245 0 worm_006490.vtu 0
6500 3.25 0 worm_006500.vtu 0
6510 3.255 0 worm_006510.vtu 0
6520 3.26 0 worm_006520.vtu 0
6530 3.265 0 worm_006530.vtu 0
6540 3.27 0 worm_006540.vtu 0
6550 3.275 0 worm_006550.vtu 0
6560 3.28 0 worm_006560.vtu 0
6570 3.285 0 worm_006570.vtu 0
6580 3.29 0 worm_006580.vtu 0
6590 3.295 0 worm_006590.vtu 0
6600 3.3 0 worm_006600.vtu 0
6610 3.305 0 worm_006610.vtu 0
6620 3.31 0 worm_006620.vtu 0
6630 3.315 0 worm_006630.vtu 0
6640 3.32 0 worm_006640.vtu 0
6650 3.325 0 worm_006650.vtu 0
6660 3.33 0 worm_006660.vtu 0
6670 3.335 0 worm_006670.vtu 0
6680 3.34 0 worm_006680.vtu 0
6690 3.345 0 worm_006690.vtu 0
6700 3.35 0 worm_006700.vtu 0
6710 3.355 0 worm_006710.vtu 0
6720 3.36 0 worm_006720.vtu 0
6730 3.365 0 worm_006730.vtu 0
6740 3.37 0 worm_006740.vtu 0
6750 3.375 0 worm_006750.vtu 0
6760 3.38 0 worm_006760.vtu 0
6770 3.385 0 worm_006770.vtu 0
6780 3.39 0 worm_006780.vtu 0
6790 3.395 0 worm_006790.vtu 0
6800 3.4 0 worm_006800.vtu 0
6810 3.405 0 worm_006810.vtu 0
6820 3.41 0 worm_006820.vtu 0
6830 3.415 0 worm_006830.vtu 0
6840 3.42 0 worm_006840.vtu 0
6850 3.425 0 worm_006850.vtu 0
6860 3.43 0 worm_006860.vtu 0
6870 3.435 0 worm_006870.vtu 0
6880 3.44 0 worm_006880.vtu 0
6890 3.445 0 worm_006890.vtu 0
6900 3.45 0 worm_006900.vtu 0
6910 3.455 0 worm_006910.vtu 0
6920 3.46 0 worm_006920.vtu 0
6930 3.465 0 worm_006930.vtu 0
6940 3.47 0 worm_006940.vtu 0
6950 3.475 0 worm_006950.vtu 0
6960 3.48 0 worm_006960.vtu 0
6970 3.485 0 worm_006970.vtu 0
6980 3.49 0 worm_006980.vtu 0
6990 3.495 0 worm_006990.vtu 0
7000 3.5 0 worm_007000.vtu 0
7010 3.505 0 worm_007010.vtu 0
7020 3.51 0 worm_007020.vtu 0
7030 3.515 0 worm_007030.vtu 0
7040 3.52 0 worm_007040.vtu 0
7050 3.525 0 worm_007050.vtu 0
7060 3.53 0 worm_007060.vtu 0
7070 3.535 0 worm_007070.vtu 0
7080 3.54 0 worm_007080.vtu 0
7090 3.545 0 worm_007090.vtu 0
7100 3.55 0 worm_007100.vtu 0
7110 3.555 0 worm_007110.vtu 0
7120 3.56 0 worm_007120.vtu 0
7130 3.565 0 worm_007130.vtu 0
7140 3.57 0 worm_007140.vtu 0
7150 3.575 0 worm_007150.vtu 0
7160 3.58 0 worm_007160.vtu 0
7170 3.585 0 worm_007170.vtu 0
7180 3.59 0 worm_007180.vtu 0
7190 3.595 0 worm_007190.vtu 0
7200 3.6 0 worm_007200.vtu 0
7210 3.605 0 worm_007210.vtu 0
7220 3.61 0 worm_007220.vtu 0
7230 3.615 0 worm_007230.vtu 0
7240 3.62 0 worm_007240.vtu 0
7250 3.625 0 worm_007250.vtu 0
7260 3.63 0 worm_007260.vtu 0
7270 3.635 0 worm_007270.vtu 0
7280 3.64 0 worm_007280.vtu 0
7290 3.645 0 worm_007290.vtu 0
7300 3.65 0 worm_007300.vtu 0
7310 3.655 0 worm_007310.vtu 0
7320 3.66 0 worm_007320.vtu 0
7330 3.665 0 worm_007330.vtu 0
7340 3.67 0 worm_007340.vtu 0
7350 3.675 0 worm_007350.vtu 0
7360 3.68 0 worm_007360.vtu 0
7370 3.685 0 worm_007370.vtu 0
7380 3.69 0 worm_007380.vtu 0
7390 3.695 0 worm_007390.vtu 0
7400 3.7 0 worm_007400.vtu 0
7410 3.705 0 worm_007410.vtu 0
7420 3.71 0 worm_007420.vtu 0
7430 3.715 0 worm_007430.vtu 0
7440 3.72 0 worm_007440.vtu 0
7450 3.725 0 worm_007450.vtu 0
7460 3.73 0 worm_007460.vtu 0
7470 3.735 0 worm_007470.vtu 0
7480 3.74 0 worm_007480.vtu 0
7490 3.745 0 worm_007490.vtu 0
7500 3.75 0 worm_007500.vtu 0
7510 3.755 0 worm_007510.vtu 0
7520 3.76 0 worm_007520.vtu 0
7530 3.765 0 worm_007530.vtu 0
7540 3.77 0 worm_007540.vtu 0
7550 3.775 0 worm_007550.vtu 0
7560 3.78 0 worm_007560.vtu 0
7570 3.785 0 worm_007570.vtu 0
7580 3.79 0 worm_007580.vtu 0
7590 3.795 0 worm_007590.vtu 0
7600 3.8 0 worm_007600.vtu 0
7610 3.805 0 worm_007610.vtu 0
7620 3.81 0 worm_007620.vtu 0
7630 3.815 0 worm_007630.vtu 0
7640 3.82 0 worm_007640.vtu 0
7650 3.825 0 worm_007650.vtu 0
7660 3.83 0 worm_007660.vtu 0
7670 3.835 0 worm_007670.vtu 0
7680 3.84 0 worm_007680.vtu 0
7690 3.845 0 worm_007690.vtu 0
7700 3.85 0 worm_007700.vtu 0
7710 3.855 0 worm_007710.vtu 0
7720 3.86 0 worm_007720.vtu 0
7730 3.865 0 worm_007730.vtu 0
7740 3.87 0 worm_007740.vtu 0
7750 3.875 0 worm_007750.vtu 0
7760 3.88 0 worm_007760.vtu 0
7770 3.885 0 worm_007770.vtu 0
7780 3.89 0 worm_007780.vtu 0
7790 3.895 0 worm_007790.vtu 0
7800 3.9 0 worm_007800.vtu 0
7810 3.905 0 worm_007810.vtu 0
7820 3.91 0 worm_007820.vtu 0
7830 3.915 0 worm_007830.vtu 0
7840 3.92 0 worm_007840.vtu 0
7850 3.925 0 worm_007850.vtu 0
7860 3.93 0 worm_007860.vtu 0
7870 3.935 0 worm_007870.vtu 0
7880 3.94 0 worm_007880.vtu 0
7890 3.945 0 worm_007890.vtu 0
7900 3.95 0 worm_007900.vtu 0
7910 3.955 0 worm_007910.vtu 0
7920 3.96 0 worm_007920.vtu 0
7930 3.965 0 worm_007930.vtu 0
7940 3.97 0 worm_007940.vtu 0
7950 3.975 0 worm_007950.vtu 0
7960 3.98 0 worm_007960.vtu 0
7970 3.985 0 worm_007970.vtu 0
7980 3.99 0 worm_007980.vtu 0
7990 3.995 0 worm_007990.vtu 0
8000 4 0 worm_008000.vtu 0
8010 4.005 0 worm_008010.vtu 0
8020 4.01 0 worm_008020.vtu 0
8030 4.015 0 worm_008030.vtu 0
8040 4.02 0 worm_008040.vtu 0
8050 4.025 0 worm_008050.vtu 0
8060 4.03 0 worm_008060.vtu 0
8070 4.035 0 worm_008070.vtu 0
8080 4.04 0 worm_008080.vtu 0
8090 4.045 0 worm_008090.vtu 0
8100 4.05 0 worm_008100.vtu 0
8110 4.055 0 worm_008110.vtu 0
8120 4.06 0 worm_008120.vtu 0
8130 4.065 0 worm_008130.vtu 0
8140 4.07 0 worm_008140.vtu 0
8150 4.075 0 worm_008150.vtu 0
8160 4.08 0 worm_008160.vtu 0
8170 4.085 0 worm_008170.vtu 0
8180 4.09 0 worm_008180.vtu 0
8190 4.095 0 worm_008190.vtu 0
8200 4.1 0 worm_008200.vtu 0
8210 4.105 0 worm_008210.vtu 0
8220 4.11 0 worm_008220.vtu 0
8230 4.115 0 worm_008230.vtu 0
8240 4.12 0 worm_008240.vtu 0
8250 4.125 0 worm_008250.vtu 0
8260 4.13 0 worm_008260.vtu 0
8270 4.135 0 worm_008270.vtu 0
8280 4.14 0 worm_008280.vtu 0
8290 4.145 0 worm_008290.vtu 0
8300 4.15 0 worm_008300.vtu 0
8310 4.155 0 worm_008310.vtu 0
8320 4.16 0 worm_008320.vtu 0
8330 4.165 0 worm_008330.vtu 0
8340 4.17 0 worm_008340.vtu 0
8350 4.175 0 worm_008350.vtu 0
8360 4.18 0 worm_008360.vtu 0
8370 4.185 0 worm_008370.vtu 0
8380 4.19 0 worm_008380.vtu 0
8390 4.195 0 worm_008390.vtu 0
8400 4.2 0 worm_008400.vtu 0
8410 4.205 0 worm_008410.vtu 0
8420 4.21 0 worm_008420.vtu 0
8430 4.215 0 worm_008430.vtu 0
8440 4.22 0 worm_008440.vtu 0
8450 4.225 0 worm_008450.vtu 0
8460 4.23 0 worm_008460.vtu 0
8470 4.235 0 worm_008470.vtu 0
8480 4.24 0 worm_008480.vtu 0
8490 4.245 0 worm_008490.vtu 0
8500 4.25 0 worm_008500.vtu 0
8510 4.255 0 worm_008510.vtu 0
8520 4.26 0 worm_008520.vtu 0
8530 4.265 0 worm_008530.vtu 0
8540 4.27 0 worm_008540.vtu 0
8550 4.275 0 worm_008550.vtu 0
8560 4.28 0 worm_008560.vtu 0
8570 4.285 0 worm_008570.vtu 0
8580 4.29 0 worm_008580.vtu 0
8590 4.295 0 worm_008590.vtu 0
8600 4.3 0 worm_008600.vtu 0
8610 4.305 0 worm_008610.vtu 0
8620 4.31 0 worm_008620.vtu 0
8630 4.315 0 worm_008630.vtu 0
8640 4.32 0 worm_008640.vtu 0
8650 4.325 0 worm_008650.vtu 0
8660 4.33 0 worm_008660.vtu 0
8670 4.335 0 worm_008670.vtu 0
8680 4.34 0 worm_008680.vtu 0
8690 4.345 0 worm_008690.vtu 0
8700 4.35 0 worm_008700.vtu 0
8710 4.355 0 worm_008710.vtu 0
8720 4.36 0 worm_008720.vtu 0
8730 4.365 0 worm_008730.vtu 0
8740 4.37 0 worm_008740.vtu 0
8750 4.375 0 worm_008750.vtu 0
8760 4.38 0 worm_008760.vtu 0
8770 4.385 0 worm_008770.vtu 0
8780 4.39 0 worm_008780.vtu 0
8790 4.395 0 worm_008790.vtu 0
8800 4.4 0 worm_008800.vtu 0
8810 4.405 0 worm_008810.vtu 0
8820 4.41 0 worm_008820.vtu 0
8830 4.415 0 worm_008830.vtu 0
8840 4.42 0 worm_008840.vtu 0
8850 4.425 0 worm_008850.vtu 0
8860 4.43 0 worm_008860.vtu 0
8870 4.435 0 worm_008870.vtu 0
8880 4.44 0 worm_008880.vtu 0
8890 4.445 0 worm_008890.vtu 0
8900 4.45 0 worm_008900.vtu 0
8910 4.455 0 worm_008910.vtu 0
8920 4.46 0 worm_008920.vtu 0
8930 4.465 0 worm_008930.vtu 0
8940 4.47 0 worm_008940.vtu 0
8950 4.475 0 worm_008950.vtu 0
8960 4.48 0 worm_008960.vtu 0
8970 4.485 0 worm_008970.vtu 0
8980 4.49 0 worm_008980.vtu 0
8990 4.495 0 worm_008990.vtu 0
9000 4.5 0 worm_009000.vtu 0
9010 4.505 0 worm_009010.vtu 0
9020 4.51 0 worm_009020.vtu 0
9030 4.515 0 worm_009030.vtu 0
9040 4.52 0 worm_009040.vtu 0
9050 4.525 0 worm_009050.vtu 0
9060 4.53 0 worm_009060.vtu 0
9070 4.535 0 worm_009070.vtu 0
9080 4.54 0 worm_009080.vtu 0
9090 4.545 0 worm_009090.vtu 0
9100 4.55 0 worm_009100.vtu 0
9110 4.555 0 worm_009110.vtu 0
9120 4.56 0 worm_009120.vtu 0
9130 4.565 0 worm_009130.vtu 0
9140 4.57 0 worm_009140.vtu 0
9150 4.575 0 worm_009150.vtu 0
9160 4.58 0 worm_009160.vtu 0
9170 4.585 0 worm_009170.vtu 0
9180 4.59 0 worm_009180.vtu 0
9190 4.595 0 worm_009190.vtu 0
9200 4.6 0 worm_009200.vtu 0
9210 4.605 0 worm_009210.vtu 0
9220 4.61 0 worm_009220.vtu 0
9230 4.615 0 worm_009230.vtu 0
9240 4.62 0 worm_009240.vtu 0
9250 4.625 0 worm_009250.vtu 0
9260 4.63 0 worm_009260.vtu 0
9270 4.635 0 worm_009270.vtu 0
9280 4.64 0 worm_009280.vtu 0
9290 4.645 0 worm_009290.vtu 0
9300 4.65 0 worm_009300.vtu 0
9310 4.655 0 worm_009310.vtu 0
9320 4.66 0 worm_009320.vtu 0
9330 4.665 0 worm_009330.vtu 0
9340 4.67 0 worm_009340.vtu 0
9350 4.675 0 worm_009350.vtu 0
9360 4.68 0 worm_009360.vtu 0
9370 4.685 0 worm_009370.vtu 0
9380 4.69 0 worm_009380.vtu 0
9390 4.695 0 worm_009390.vtu 0
9400 4.7 0 worm_009400.vtu 0
9410 4.705 0 worm_009410.vtu 0
9420 4.71 0 worm_009420.vtu 0
9430 4.715 0 worm_009430.vtu 0
9440 4.72 0 worm_009440.vtu 0
9450 4.725 0 worm_009450.vtu 0
9460 4.73 0 worm_009460.vtu 0
9470 4.735 0 worm_009470.vtu 0
9480 4.74 0 worm_009480.vtu 0
9490 4.745 0 worm_009490.vtu 0
9500 4.75 0 worm_009500.vtu 0
9510 4.755 0 worm_009510.vtu 0
9520 4.76 0 worm_009520.vtu 0
9530 4.765 0 worm_009530.vtu 0
9540 4.77 0 worm_009540.vtu 0
9550 4.775 0 worm_009550.vtu 0
9560 4.78 0 worm_009560.vtu 0
9570 4.785 0 worm_009570.vtu 0
9580 4.79 0 worm_009580.vtu 0
9590 4.795 0 worm_009590.vtu 0
9600 4.8 0 worm_009600.vtu 0
9610 4.805 0 worm_009610.vtu 0
9620 4.81 0 worm_009620.vtu 0
9630 4.815 0 worm_009630.vtu 0
9640 4.82 0 worm_009640.vtu 0
9650 4.825 0 worm_009650.vtu 0
9660 4.83 0 worm_009660.vtu 0
9670 4.835 0 worm_009670.vtu 0
9680 4.84 0 worm_009680.vtu 0
9690 4.845 0 worm_009690.vtu 0
9700 4.85 0 worm_009700.vtu 0
9710 4.855 0 worm_009710.vtu 0
9720 4.86 0 worm_009720.vtu 0
9730 4.865 0 worm_009730.vtu 0
9740 4.87 0 worm_009740.vtu 0
9750 4.875 0 worm_009750.vtu 0
9760 4.88 0 worm_009760.vtu 0
9770 4.885 0 worm_009770.vtu 0
9780 4.89 0 worm_009780.vtu 0
9790 4.895 0 worm_009790.vtu 0
9800 4.9 0 worm_009800.vtu 0
9810 4.905 0 worm_009810.vtu 0
9820 4.91 0 worm_009820.vtu 0
9830 4.915 0 worm_009830.vtu 0
9840 4.92 0 worm_009840.vtu 0
9850 4.925 0 worm_009850.vtu 0
9860 4.93 0 worm_009860.vtu 0
9870 4.935 0 worm_009870.vtu 0
9880 4.94 0 worm_009880.vtu 0
9890 4.945 0 worm_009890.vtu 0
9900 4.95 0 worm_009900.vtu 0
9910 4.955 0 worm_009910.vtu 0
9920 4.96 0 worm_009920.vtu 0
9930 4.965 0 worm_009930.vtu 0
9940 4.97 0 worm_009940.vtu 0
9950 4.975 0 worm_009950.vtu 0
9960 4.98 0 worm_009960.vtu 0
9970 4.985 0 worm_009970.vtu 0
9980 4.99 0 worm_009980.vtu 0
9990 4.995 0 worm_009990.vtu 0
10000 5 0 worm_010000.vtu 0
